#Risk Analysis: 1
7, 8
